# Convolution

Based on the results I've chose to convolve Gaussian blur with 2px radius with mean blur of 1 px Radius.
## Gaussian Kernel
- Coefficient: 1/273
- Matrix: 
```
1  4  7  4 1
4 16 26 16 4
7 26 41 26 7
4 16 26 16 4
1  4  7  4 1
```
## Mean Kernel
- Coefficient: 1/9
- Matrix:
```
1 1 1
1 1 1
1 1 1
```

## Convolved Kernel
```
0.02352 0.05749 0.09589 0.10633 0.09589 0.05749 0.02352
0.05749 0.14051 0.23433 0.25985 0.23433 0.14051 0.05749
0.09589 0.23433 0.39081 0.43336 0.39081 0.23433 0.09589 
0.10633 0.25985 0.43336 0.48055 0.43336 0.25985 0.10633
0.09589 0.23433 0.39081 0.43336 0.39081 0.23433 0.09589 
0.05749 0.14051 0.23433 0.25985 0.23433 0.14051 0.05749
0.02352 0.05749 0.09589 0.10633 0.09589 0.05749 0.02352
```